[fontpaint]
width=0
height=16
bold=0
italic=0
alising=1
font=Arial
color0=00ffffff
color1=ffffffff
color2=80ffffff
fx=0
ofs=1

celw=16
celborder=0
drawcels=0


[fontmake]
chrw=16
chrh=16
ofsx=1
ofsy=0
scale=100
aspect=100
italic=0
color=ffffffff

mapmode=1
tablex=0
tabley=0
tablew=16
tableh=16


[texture]
texw=256
texh=256
texalpha=1


[characters]
charset=1023
--charadd=aibcd
--charsub=a


[mapping]
char000=0 0 16
char001=16 0 16
char002=32 0 16
char003=48 0 16
char004=64 0 16
char005=80 0 16
char006=96 0 16
char007=112 0 16
char008=128 0 16
char009=144 0 16
char010=160 0 16
char011=176 0 16
char012=192 0 16
char013=208 0 16
char014=224 0 16
char015=240 0 16
char016=0 16 16
char017=16 16 16
char018=32 16 16
char019=48 16 16
char020=64 16 16
char021=80 16 16
char022=96 16 16
char023=112 16 16
char024=128 16 16
char025=144 16 16
char026=160 16 16
char027=176 16 16
char028=192 16 16
char029=208 16 16
char030=224 16 16
char031=240 16 16
char032=0 32 16
char033=16 32 16
char034=32 32 16
char035=48 32 16
char036=64 32 16
char037=80 32 16
char038=96 32 16
char039=112 32 16
char040=128 32 16
char041=144 32 16
char042=160 32 16
char043=176 32 16
char044=192 32 16
char045=208 32 16
char046=224 32 16
char047=240 32 16
char048=0 48 16
char049=16 48 16
char050=32 48 16
char051=48 48 16
char052=64 48 16
char053=80 48 16
char054=96 48 16
char055=112 48 16
char056=128 48 16
char057=144 48 16
char058=160 48 16
char059=176 48 16
char060=192 48 16
char061=208 48 16
char062=224 48 16
char063=240 48 16
char064=0 64 16
char065=16 64 16
char066=32 64 16
char067=48 64 16
char068=64 64 16
char069=80 64 16
char070=96 64 16
char071=112 64 16
char072=128 64 16
char073=144 64 16
char074=160 64 16
char075=176 64 16
char076=192 64 16
char077=208 64 16
char078=224 64 16
char079=240 64 16
char080=0 80 16
char081=16 80 16
char082=32 80 16
char083=48 80 16
char084=64 80 16
char085=80 80 16
char086=96 80 16
char087=112 80 16
char088=128 80 16
char089=144 80 16
char090=160 80 16
char091=176 80 16
char092=192 80 16
char093=208 80 16
char094=224 80 16
char095=240 80 16
char096=0 96 16
char097=16 96 16
char098=32 96 16
char099=48 96 16
char100=64 96 16
char101=80 96 16
char102=96 96 16
char103=112 96 16
char104=128 96 16
char105=144 96 16
char106=160 96 16
char107=176 96 16
char108=192 96 16
char109=208 96 16
char110=224 96 16
char111=240 96 16
char112=0 112 16
char113=16 112 16
char114=32 112 16
char115=48 112 16
char116=64 112 16
char117=80 112 16
char118=96 112 16
char119=112 112 16
char120=128 112 16
char121=144 112 16
char122=160 112 16
char123=176 112 16
char124=192 112 16
char125=208 112 16
char126=224 112 16
char127=240 112 16
char128=0 128 16
char129=16 128 16
char130=32 128 16
char131=48 128 16
char132=64 128 16
char133=80 128 16
char134=96 128 16
char135=112 128 16
char136=128 128 16
char137=144 128 16
char138=160 128 16
char139=176 128 16
char140=192 128 16
char141=208 128 16
char142=224 128 16
char143=240 128 16
char144=0 144 16
char145=16 144 16
char146=32 144 16
char147=48 144 16
char148=64 144 16
char149=80 144 16
char150=96 144 16
char151=112 144 16
char152=128 144 16
char153=144 144 16
char154=160 144 16
char155=176 144 16
char156=192 144 16
char157=208 144 16
char158=224 144 16
char159=240 144 16
char160=0 160 16
char161=16 160 16
char162=32 160 16
char163=48 160 16
char164=64 160 16
char165=80 160 16
char166=96 160 16
char167=112 160 16
char168=128 160 16
char169=144 160 16
char170=160 160 16
char171=176 160 16
char172=192 160 16
char173=208 160 16
char174=224 160 16
char175=240 160 16
char176=0 176 16
char177=16 176 16
char178=32 176 16
char179=48 176 16
char180=64 176 16
char181=80 176 16
char182=96 176 16
char183=112 176 16
char184=128 176 16
char185=144 176 16
char186=160 176 16
char187=176 176 16
char188=192 176 16
char189=208 176 16
char190=224 176 16
char191=240 176 16
char192=0 192 16
char193=16 192 16
char194=32 192 16
char195=48 192 16
char196=64 192 16
char197=80 192 16
char198=96 192 16
char199=112 192 16
char200=128 192 16
char201=144 192 16
char202=160 192 16
char203=176 192 16
char204=192 192 16
char205=208 192 16
char206=224 192 16
char207=240 192 16
char208=0 208 16
char209=16 208 16
char210=32 208 16
char211=48 208 16
char212=64 208 16
char213=80 208 16
char214=96 208 16
char215=112 208 16
char216=128 208 16
char217=144 208 16
char218=160 208 16
char219=176 208 16
char220=192 208 16
char221=208 208 16
char222=224 208 16
char223=240 208 16
char224=0 224 16
char225=16 224 16
char226=32 224 16
char227=48 224 16
char228=64 224 16
char229=80 224 16
char230=96 224 16
char231=112 224 16
char232=128 224 16
char233=144 224 16
char234=160 224 16
char235=176 224 16
char236=192 224 16
char237=208 224 16
char238=224 224 16
char239=240 224 16
char240=0 240 16
char241=16 240 16
char242=32 240 16
char243=48 240 16
char244=64 240 16
char245=80 240 16
char246=96 240 16
char247=112 240 16
char248=128 240 16
char249=144 240 16
char250=160 240 16
char251=176 240 16
char252=192 240 16
char253=208 240 16
char254=224 240 16
char255=240 240 16
